serotype	study	gene1	true_rho_ijg1	true_nu_j	true_r_i	carriage_samples	surveillance_population	time_interval	true_nu_g1	carriage	disease	rho	rho_lower	rho_upper	gamma	gamma_lower	gamma_upper	nu_j	nu_j_lower	nu_j_upper	nu_g1	nu_g1_lower	nu_g1_upper	rho_diff	nu_j_diff	nu_g1_diff	r_diff
Serotype_1	Population_A	Gene1_A	0.021448392351158	0.00192366131736158	1	955	72100	2	0.0553	20	0	0.0212498634363276	0.0132257307627111	0.0321218926666566	1	1	1	0.000203617631925335	4.53288447321467e-05	0.00104405095554765	0.566934532128159	0.128320255210688	2.07508359372912	0.00925612099872345	0.894150997325969	9.25198068947847	0
Serotype_2	Population_A	Gene1_A	0.0393551641260274	7.10537281277665e-05	1	955	72100	2	0.0553	45	0	0.0477024611643091	0.0353710750796094	0.0624981968358747	1	1	1	3.7910214095236e-06	1.06999759025287e-06	4.76897479385222e-05	0.566934532128159	0.128320255210688	2.07508359372912	0.212101695511957	0.946645707277925	9.25198068947847	0
Serotype_3	Population_A	Gene1_A	0.0222268702462316	0.00166667292466383	1	955	72100	2	0.0553	22	0	0.0233259988885911	0.0149178339336932	0.0341404452880477	1	1	1	0.000151818440547293	2.78259432827072e-05	0.000835717634048202	0.566934532128159	0.128320255210688	2.07508359372912	0.0494504457975085	0.908909277698913	9.25198068947847	0
Serotype_4	Population_A	Gene1_A	0.0275577765190974	0.000624277781675576	1	955	72100	2	0.0553	28	0	0.029830084821018	0.0202862882255357	0.0415413605785418	1	1	1	7.94323820128126e-05	1.50029611034148e-05	0.000459424710304838	0.566934532128159	0.128320255210688	2.07508359372912	0.082456155355853	0.872761158022292	9.25198068947847	0
Serotype_5	Population_A	Gene1_A	0.0305270829237998	0.000361271220343049	1	955	72100	2	0.0553	21	0	0.0226363231316572	0.0147848402922436	0.0330036521005172	1	1	1	1.2210014867313e-05	1.40676118076566e-06	0.000111604366116664	0.566934532128159	0.128320255210688	2.07508359372912	0.258483911215463	0.966202636191948	9.25198068947847	0
Serotype_6	Population_A	Gene1_A	0.00323402408976108	0.0551160483973277	1	955	72100	2	0.0553	6	3	0.00696355550620506	0.00344696501434545	0.012353515796414	1	1	1	0.0053260648349435	0.00142434550814157	0.0237605522680858	0.566934532128159	0.128320255210688	2.07508359372912	1.15321695600589	0.903366351728479	9.25198068947847	0
Serotype_7	Population_A	Gene1_A	0.0471397672779858	1.69363031133799e-05	1	955	72100	2	0.0553	49	0	0.051735789741083	0.0390876126544189	0.0669525833649154	1	1	1	1.01005899741946e-05	1.28255380479858e-06	9.12459825986438e-05	0.566934532128159	0.128320255210688	2.07508359372912	0.0974977758374197	0.403613060856531	9.25198068947847	0
Serotype_8	Population_A	Gene1_A	0.0151845754589885	0.00609865355644351	1	955	72100	2	0.0553	12	0	0.0125789298951408	0.00681233402007906	0.0206548192723973	1	1	1	0.000584939359694556	0.000144798856902878	0.00276779992624165	0.566934532128159	0.128320255210688	2.07508359372912	0.171598183359506	0.904087130990325	9.25198068947847	0
Serotype_9	Population_A	Gene1_A	0.0139275324996561	0.00768771721786772	1	955	72100	2	0.0553	11	0	0.0113927616769215	0.00610201224820779	0.018818705407154	1	1	1	0.000819696733893224	0.000210342649427584	0.00370938788988802	0.566934532128159	0.128320255210688	2.07508359372912	0.181997121370722	0.893375795354687	9.25198068947847	0
Serotype_10	Population_A	Gene1_A	0.0129778660368174	0.00915736905140876	1	955	72100	2	0.0553	12	2	0.0140932829859794	0.00802622800877647	0.0222716815972135	1	1	1	0.0010189296236015	0.000266133741010298	0.00468223228387097	0.566934532128159	0.128320255210688	2.07508359372912	0.0859476393112373	0.888731182735859	9.25198068947847	0
Serotype_11	Population_A	Gene1_A	0.0160193065763451	0.00522944348484999	1	955	72100	2	0.0553	12	1	0.0137504452165973	0.00764498258365688	0.0223791457988846	1	1	1	0.00045041644174081	0.000115672641546816	0.00212807734188788	0.566934532128159	0.128320255210688	2.07508359372912	0.141632932045769	0.913869144384925	9.25198068947847	0
Serotype_12	Population_A	Gene1_A	0.0220769588719122	0.00171333895893638	1	955	72100	2	0.0553	29	0	0.0305634964605953	0.0205849287291472	0.0431137663607132	1	1	1	0.0001915960444349	4.1561226282231e-05	0.000993746558792818	0.566934532128159	0.128320255210688	2.07508359372912	0.384407002700005	0.888173882094037	9.25198068947847	0
Serotype_13	Population_A	Gene1_A	0.00842597744194791	0.0211797975556686	1	955	72100	2	0.0553	8	2	0.00945276013244373	0.00486079734124164	0.0161293721876044	1	1	1	0.00205898702020449	0.000551335488194067	0.00927865017690677	0.566934532128159	0.128320255210688	2.07508359372912	0.121859178661467	0.902785330464435	9.25198068947847	0
Serotype_14	Population_A	Gene1_A	0.0477608729735948	1.51053280711885e-05	1	955	72100	2	0.0553	56	0	0.05917705908301	0.0452373229054897	0.0755008969851257	1	1	1	3.16878813740749e-06	1.05494226525854e-06	3.58237339384754e-05	0.566934532128159	0.128320255210688	2.07508359372912	0.239028003439694	0.790220502164958	9.25198068947847	0
Serotype_15	Population_A	Gene1_A	0.0224725125357509	0.00159293845675666	1	955	72100	2	0.0553	16	0	0.0171977633168463	0.0102936966939744	0.0266915254179367	1	1	1	0.000138473458120253	3.19010471042279e-05	0.000674303033902352	0.566934532128159	0.128320255210688	2.07508359372912	0.234720047903549	0.913070428092874	9.25198068947847	0
Serotype_16	Population_A	Gene1_A	0.0458269464317709	2.15697089724176e-05	1	955	72100	2	0.0553	49	0	0.0519485821444497	0.0391333852923896	0.0671644045195299	1	1	1	3.34979205344244e-06	1.0649078678035e-06	3.81824109800762e-05	0.566934532128159	0.128320255210688	2.07508359372912	0.133581575673887	0.844699246627481	9.25198068947847	0
Serotype_17	Population_A	Gene1_A	0.0413025377551094	4.96360232812137e-05	1	955	72100	2	0.0553	50	0	0.0530593267239127	0.0402544136970458	0.0682020125168961	1	1	1	3.49993402632356e-06	1.05211602398701e-06	4.15425951639031e-05	0.566934532128159	0.128320255210688	2.07508359372912	0.284650522893085	0.929488025128552	9.25198068947847	0
Serotype_18	Population_A	Gene1_A	0.00681457569589838	0.0284992836819387	1	955	72100	2	0.0553	6	2	0.00739099426507618	0.00349448543182666	0.0134115684188896	1	1	1	0.00257326737494304	0.00068652238069588	0.0116439633922722	0.566934532128159	0.128320255210688	2.07508359372912	0.0845861275742717	0.909707647263646	9.25198068947847	0
Serotype_19	Population_A	Gene1_A	0.0162682878901251	0.00499501697873601	1	955	72100	2	0.0553	15	0	0.0158231852261575	0.0092068627760148	0.024950657896782	1	1	1	0.000411502834259686	9.97470771924518e-05	0.00200569263308286	0.566934532128159	0.128320255210688	2.07508359372912	0.0273601418276963	0.917617330229012	9.25198068947847	0
Serotype_20	Population_A	Gene1_A	0.0072762124822475	0.0261759830892973	1	955	72100	2	0.0553	10	4	0.0126059222736642	0.00713805439718471	0.0205570502665185	1	1	1	0.00244332087533237	0.000646598625577623	0.010947219292899	0.566934532128159	0.128320255210688	2.07508359372912	0.732484078003506	0.906657913592121	9.25198068947847	0
Serotype_1	Population_A	Gene1_A	0.0322225386276841	0.00192366131736158	1	955	72100	2	0.0553	26	0	0.0274496344129518	0.0182008260686492	0.039101462208921	1	1	1	0.000203617631925335	4.53288447321467e-05	0.00104405095554765	0.566934532128159	0.128320255210688	2.07508359372912	0.148123159068283	0.894150997325969	9.25198068947847	0
Serotype_2	Population_A	Gene1_A	0.0492681970703416	7.10537281277665e-05	1	955	72100	2	0.0553	45	0	0.047738961023263	0.0352940314023437	0.0624018329026457	1	1	1	3.7910214095236e-06	1.06999759025287e-06	4.76897479385222e-05	0.566934532128159	0.128320255210688	2.07508359372912	0.0310390097063071	0.946645707277925	9.25198068947847	0
Serotype_3	Population_A	Gene1_A	0.0241376186022535	0.00166667292466383	1	955	72100	2	0.0553	21	1	0.0234311333501001	0.0152375992497096	0.0338924799833804	1	1	1	0.000151818440547293	2.78259432827072e-05	0.000835717634048202	0.566934532128159	0.128320255210688	2.07508359372912	0.0292690535796023	0.908909277698913	9.25198068947847	0
Serotype_4	Population_A	Gene1_A	0.0277503171470016	0.000624277781675576	1	955	72100	2	0.0553	24	0	0.0255930613631559	0.0168344014508866	0.0370335742652895	1	1	1	7.94323820128126e-05	1.50029611034148e-05	0.000459424710304838	0.566934532128159	0.128320255210688	2.07508359372912	0.0777380587190459	0.872761158022292	9.25198068947847	0
Serotype_5	Population_A	Gene1_A	0.0457573050982319	0.000361271220343049	1	955	72100	2	0.0553	49	0	0.0520200319743182	0.0389165567874122	0.0672504303708178	1	1	1	1.2210014867313e-05	1.40676118076566e-06	0.000111604366116664	0.566934532128159	0.128320255210688	2.07508359372912	0.136868350586676	0.966202636191948	9.25198068947847	0
Serotype_6	Population_A	Gene1_A	0.0383026393712498	0.0551160483973277	1	955	72100	2	0.0553	39	24	0.0455061400673795	0.0344284089556527	0.0585462246005465	1	1	1	0.0053260648349435	0.00142434550814157	0.0237605522680858	0.566934532128159	0.128320255210688	2.07508359372912	0.18806799777711	0.903366351728479	9.25198068947847	0
Serotype_7	Population_A	Gene1_A	0.0187758074258454	1.69363031133799e-05	1	955	72100	2	0.0553	17	0	0.0185150539754703	0.0113323560320011	0.0280548812429962	1	1	1	1.01005899741946e-05	1.28255380479858e-06	9.12459825986438e-05	0.566934532128159	0.128320255210688	2.07508359372912	0.0138877356622319	0.403613060856531	9.25198068947847	0
Serotype_8	Population_A	Gene1_A	0.0242030469351448	0.00609865355644351	1	955	72100	2	0.0553	17	2	0.0195650927422701	0.0122631764000258	0.029310193962826	1	1	1	0.000584939359694556	0.000144798856902878	0.00276779992624165	0.566934532128159	0.128320255210688	2.07508359372912	0.191626872653789	0.904087130990325	9.25198068947847	0
Serotype_9	Population_A	Gene1_A	0.0419272088445723	0.00768771721786772	1	955	72100	2	0.0553	32	3	0.0348540520528662	0.0249192368590613	0.0474531763972092	1	1	1	0.000819696733893224	0.000210342649427584	0.00370938788988802	0.566934532128159	0.128320255210688	2.07508359372912	0.168700874363636	0.893375795354687	9.25198068947847	0
Serotype_10	Population_A	Gene1_A	0.00192810532171279	0.00915736905140876	1	955	72100	2	0.0553	1	0	0.00158758014329023	0.000222150057003061	0.00534172040804238	1	1	1	0.0010189296236015	0.000266133741010298	0.00468223228387097	0.566934532128159	0.128320255210688	2.07508359372912	0.176611295341512	0.888731182735859	9.25198068947847	0
Serotype_11	Population_A	Gene1_A	0.0325825384934433	0.00522944348484999	1	955	72100	2	0.0553	34	0	0.0349538105297604	0.0247445621920905	0.0472856528940575	1	1	1	0.00045041644174081	0.000115672641546816	0.00212807734188788	0.566934532128159	0.128320255210688	2.07508359372912	0.0727773877039774	0.913869144384925	9.25198068947847	0
Serotype_12	Population_A	Gene1_A	0.0114154860028066	0.00171333895893638	1	955	72100	2	0.0553	12	0	0.0130240336166523	0.00713777861639237	0.02156565243283	1	1	1	0.0001915960444349	4.1561226282231e-05	0.000993746558792818	0.566934532128159	0.128320255210688	2.07508359372912	0.140909253749709	0.888173882094037	9.25198068947847	0
Serotype_13	Population_A	Gene1_A	0.0346443257411011	0.0211797975556686	1	955	72100	2	0.0553	39	3	0.0379056549392018	0.0277733226220629	0.0503417066475878	1	1	1	0.00205898702020449	0.000551335488194067	0.00927865017690677	0.566934532128159	0.128320255210688	2.07508359372912	0.0941374706632443	0.902785330464435	9.25198068947847	0
Serotype_14	Population_A	Gene1_A	0.0181512338807806	1.51053280711885e-05	1	955	72100	2	0.0553	14	0	0.0153932974430502	0.00902212168792263	0.0242196773874594	1	1	1	3.16878813740749e-06	1.05494226525854e-06	3.58237339384754e-05	0.566934532128159	0.128320255210688	2.07508359372912	0.151942091421711	0.790220502164958	9.25198068947847	0
Serotype_15	Population_A	Gene1_A	0.0153445535339415	0.00159293845675666	1	955	72100	2	0.0553	21	0	0.022436046550654	0.0142538721801142	0.0333158175207518	1	1	1	0.000138473458120253	3.19010471042279e-05	0.000674303033902352	0.566934532128159	0.128320255210688	2.07508359372912	0.462150495355004	0.913070428092874	9.25198068947847	0
Serotype_16	Population_A	Gene1_A	0.0205883290385827	2.15697089724176e-05	1	955	72100	2	0.0553	21	0	0.0226332231501202	0.0146591341027189	0.0333554018892748	1	1	1	3.34979205344244e-06	1.0649078678035e-06	3.81824109800762e-05	0.566934532128159	0.128320255210688	2.07508359372912	0.0993229760271117	0.844699246627481	9.25198068947847	0
Serotype_17	Population_A	Gene1_A	0.0191243806388229	4.96360232812137e-05	1	955	72100	2	0.0553	23	0	0.0247837783227046	0.0162410832151293	0.0358709967085092	1	1	1	3.49993402632356e-06	1.05211602398701e-06	4.15425951639031e-05	0.566934532128159	0.128320255210688	2.07508359372912	0.295925802292022	0.929488025128552	9.25198068947847	0
Serotype_18	Population_A	Gene1_A	0.0278499546227977	0.0284992836819387	1	955	72100	2	0.0553	27	5	0.027962421972578	0.0194484202001209	0.0389276265801295	1	1	1	0.00257326737494304	0.00068652238069588	0.0116439633922722	0.566934532128159	0.128320255210688	2.07508359372912	0.00403833152705767	0.909707647263646	9.25198068947847	0
Serotype_19	Population_A	Gene1_A	0.0285129898344167	0.00499501697873601	1	955	72100	2	0.0553	34	0	0.0350329508933795	0.0248162863411939	0.0474313238557018	1	1	1	0.000411502834259686	9.97470771924518e-05	0.00200569263308286	0.566934532128159	0.128320255210688	2.07508359372912	0.228666341089663	0.917617330229012	9.25198068947847	0
Serotype_20	Population_A	Gene1_A	0.0183178752893582	0.0261759830892973	1	955	72100	2	0.0553	11	4	0.0134825007040724	0.00785650960165478	0.0212925245954803	1	1	1	0.00244332087533237	0.000646598625577623	0.010947219292899	0.566934532128159	0.128320255210688	2.07508359372912	0.26397027542244	0.906657913592121	9.25198068947847	0
Serotype_1	Population_B	Gene1_A	0.0318577995058149	0.00192366131736158	0.438525533254239	965	375151	3	0.0553	30	5	0.0348253441201233	0.0243886128729351	0.0475063225690455	0.421301184740522	0.306797269406926	0.581778001903997	0.000203617631925335	4.53288447321467e-05	0.00104405095554765	0.566934532128159	0.128320255210688	2.07508359372912	0.0931497046356501	0.894150997325969	9.25198068947847	0.0392778691491412
Serotype_2	Population_B	Gene1_A	0.0226776327239349	7.10537281277665e-05	0.438525533254239	965	375151	3	0.0553	17	0	0.018260987614559	0.0109169788449369	0.0281656369150715	0.421301184740522	0.306797269406926	0.581778001903997	3.7910214095236e-06	1.06999759025287e-06	4.76897479385222e-05	0.566934532128159	0.128320255210688	2.07508359372912	0.194757766965439	0.946645707277925	9.25198068947847	0.0392778691491412
Serotype_3	Population_B	Gene1_A	0.00458604036830366	0.00166667292466383	0.438525533254239	965	375151	3	0.0553	4	0	0.00460700112462538	0.00159045355261181	0.0101885322826908	0.421301184740522	0.306797269406926	0.581778001903997	0.000151818440547293	2.78259432827072e-05	0.000835717634048202	0.566934532128159	0.128320255210688	2.07508359372912	0.00457055643613369	0.908909277698913	9.25198068947847	0.0392778691491412
Serotype_4	Population_B	Gene1_A	0.0031120166531764	0.000624277781675576	0.438525533254239	965	375151	3	0.0553	2	0	0.00271794206883147	0.000636404786797541	0.00736083217472579	0.421301184740522	0.306797269406926	0.581778001903997	7.94323820128126e-05	1.50029611034148e-05	0.000459424710304838	0.566934532128159	0.128320255210688	2.07508359372912	0.126629972864284	0.872761158022292	9.25198068947847	0.0392778691491412
Serotype_5	Population_B	Gene1_A	0.0471984163159505	0.000361271220343049	0.438525533254239	965	375151	3	0.0553	41	0	0.0429882164969866	0.0312463969025926	0.0571318318836699	0.421301184740522	0.306797269406926	0.581778001903997	1.2210014867313e-05	1.40676118076566e-06	0.000111604366116664	0.566934532128159	0.128320255210688	2.07508359372912	0.0892021416731518	0.966202636191948	9.25198068947847	0.0392778691491412
Serotype_6	Population_B	Gene1_A	0.0139290845836513	0.0551160483973277	0.438525533254239	965	375151	3	0.0553	15	26	0.0172945794820658	0.0121918139723745	0.0238633688684885	0.421301184740522	0.306797269406926	0.581778001903997	0.0053260648349435	0.00142434550814157	0.0237605522680858	0.566934532128159	0.128320255210688	2.07508359372912	0.241616373150946	0.903366351728479	9.25198068947847	0.0392778691491412
Serotype_7	Population_B	Gene1_A	0.0322776371380314	1.69363031133799e-05	0.438525533254239	965	375151	3	0.0553	28	0	0.0296205466250452	0.020176797596217	0.041330435198345	0.421301184740522	0.306797269406926	0.581778001903997	1.01005899741946e-05	1.28255380479858e-06	9.12459825986438e-05	0.566934532128159	0.128320255210688	2.07508359372912	0.0823198582233095	0.403613060856531	9.25198068947847	0.0392778691491412
Serotype_8	Population_B	Gene1_A	0.0116216049762443	0.00609865355644351	0.438525533254239	965	375151	3	0.0553	12	3	0.0138350461746627	0.00802059931090024	0.0219734283645124	0.421301184740522	0.306797269406926	0.581778001903997	0.000584939359694556	0.000144798856902878	0.00276779992624165	0.566934532128159	0.128320255210688	2.07508359372912	0.190459166607619	0.904087130990325	9.25198068947847	0.0392778691491412
Serotype_9	Population_B	Gene1_A	0.0340815762523562	0.00768771721786772	0.438525533254239	965	375151	3	0.0553	27	5	0.0276010541683301	0.0190312377613333	0.0379423716506644	0.421301184740522	0.306797269406926	0.581778001903997	0.000819696733893224	0.000210342649427584	0.00370938788988802	0.566934532128159	0.128320255210688	2.07508359372912	0.190147369829411	0.893375795354687	9.25198068947847	0.0392778691491412
Serotype_10	Population_B	Gene1_A	0.0368539439863525	0.00915736905140876	0.438525533254239	965	375151	3	0.0553	35	13	0.0390803334939157	0.0291601060413459	0.0512111480137526	0.421301184740522	0.306797269406926	0.581778001903997	0.0010189296236015	0.000266133741010298	0.00468223228387097	0.566934532128159	0.128320255210688	2.07508359372912	0.0604111600209638	0.888731182735859	9.25198068947847	0.0392778691491412
Serotype_11	Population_B	Gene1_A	0.0313031798927113	0.00522944348484999	0.438525533254239	965	375151	3	0.0553	29	7	0.0335268310801973	0.0238286466756103	0.0451168822781926	0.421301184740522	0.306797269406926	0.581778001903997	0.00045041644174081	0.000115672641546816	0.00212807734188788	0.566934532128159	0.128320255210688	2.07508359372912	0.0710359521015864	0.913869144384925	9.25198068947847	0.0392778691491412
Serotype_12	Population_B	Gene1_A	0.0120771924150176	0.00171333895893638	0.438525533254239	965	375151	3	0.0553	17	1	0.0182608196094437	0.0112527756419379	0.0278319399844912	0.421301184740522	0.306797269406926	0.581778001903997	0.0001915960444349	4.1561226282231e-05	0.000993746558792818	0.566934532128159	0.128320255210688	2.07508359372912	0.512008667406581	0.888173882094037	9.25198068947847	0.0392778691491412
Serotype_13	Population_B	Gene1_A	0.0478680737083778	0.0211797975556686	0.438525533254239	965	375151	3	0.0553	54	32	0.056788797638974	0.0449606096134042	0.0708881981235309	0.421301184740522	0.306797269406926	0.581778001903997	0.00205898702020449	0.000551335488194067	0.00927865017690677	0.566934532128159	0.128320255210688	2.07508359372912	0.186360620754099	0.902785330464435	9.25198068947847	0.0392778691491412
Serotype_14	Population_B	Gene1_A	0.0298971617012285	1.51053280711885e-05	0.438525533254239	965	375151	3	0.0553	26	0	0.0274979309073387	0.0183722572949697	0.0392612328017867	0.421301184740522	0.306797269406926	0.581778001903997	3.16878813740749e-06	1.05494226525854e-06	3.58237339384754e-05	0.566934532128159	0.128320255210688	2.07508359372912	0.0802494503614112	0.790220502164958	9.25198068947847	0.0392778691491412
Serotype_15	Population_B	Gene1_A	0.0434142664424144	0.00159293845675666	0.438525533254239	965	375151	3	0.0553	45	0	0.0455798433340738	0.0338126600116708	0.0596115641514961	0.421301184740522	0.306797269406926	0.581778001903997	0.000138473458120253	3.19010471042279e-05	0.000674303033902352	0.566934532128159	0.128320255210688	2.07508359372912	0.0498816879592299	0.913070428092874	9.25198068947847	0.0392778691491412
Serotype_16	Population_B	Gene1_A	0.0283990809111856	2.15697089724176e-05	0.438525533254239	965	375151	3	0.0553	37	0	0.0389693722813595	0.0279611119480343	0.0525573882983607	0.421301184740522	0.306797269406926	0.581778001903997	3.34979205344244e-06	1.0649078678035e-06	3.81824109800762e-05	0.566934532128159	0.128320255210688	2.07508359372912	0.372205403521017	0.844699246627481	9.25198068947847	0.0392778691491412
Serotype_17	Population_B	Gene1_A	0.0452540355734527	4.96360232812137e-05	0.438525533254239	965	375151	3	0.0553	58	0	0.0606819374258696	0.0472605962520479	0.0767181634244893	0.421301184740522	0.306797269406926	0.581778001903997	3.49993402632356e-06	1.05211602398701e-06	4.15425951639031e-05	0.566934532128159	0.128320255210688	2.07508359372912	0.340917702850512	0.929488025128552	9.25198068947847	0.0392778691491412
Serotype_18	Population_B	Gene1_A	0.00303050444927067	0.0284992836819387	0.438525533254239	965	375151	3	0.0553	1	2	0.00218463558529078	0.000645922566744279	0.00535046598023628	0.421301184740522	0.306797269406926	0.581778001903997	0.00257326737494304	0.00068652238069588	0.0116439633922722	0.566934532128159	0.128320255210688	2.07508359372912	0.279118172614284	0.909707647263646	9.25198068947847	0.0392778691491412
Serotype_19	Population_B	Gene1_A	0.00947072863345966	0.00499501697873601	0.438525533254239	965	375151	3	0.0553	13	0	0.0126538233638047	0.00695671072780124	0.0207600596229594	0.421301184740522	0.306797269406926	0.581778001903997	0.000411502834259686	9.97470771924518e-05	0.00200569263308286	0.566934532128159	0.128320255210688	2.07508359372912	0.33609818774654	0.917617330229012	9.25198068947847	0.0392778691491412
Serotype_20	Population_B	Gene1_A	0.0274302609846927	0.0261759830892973	0.438525533254239	965	375151	3	0.0553	21	15	0.022434846955013	0.0154965009835937	0.0311554461261695	0.421301184740522	0.306797269406926	0.581778001903997	0.00244332087533237	0.000646598625577623	0.010947219292899	0.566934532128159	0.128320255210688	2.07508359372912	0.182113251947089	0.906657913592121	9.25198068947847	0.0392778691491412
Serotype_1	Population_B	Gene1_A	0.00792214482789859	0.00192366131736158	0.438525533254239	965	375151	3	0.0553	10	1	0.011421875993054	0.00597422654068067	0.0193186714591875	0.421301184740522	0.306797269406926	0.581778001903997	0.000203617631925335	4.53288447321467e-05	0.00104405095554765	0.566934532128159	0.128320255210688	2.07508359372912	0.441765612871756	0.894150997325969	9.25198068947847	0.0392778691491412
Serotype_2	Population_B	Gene1_A	0.0270265608094633	7.10537281277665e-05	0.438525533254239	965	375151	3	0.0553	28	0	0.0296447527446615	0.0202115385980022	0.0417185311502366	0.421301184740522	0.306797269406926	0.581778001903997	3.7910214095236e-06	1.06999759025287e-06	4.76897479385222e-05	0.566934532128159	0.128320255210688	2.07508359372912	0.0968747726969942	0.946645707277925	9.25198068947847	0.0392778691491412
Serotype_3	Population_B	Gene1_A	0.0158902276190929	0.00166667292466383	0.438525533254239	965	375151	3	0.0553	16	1	0.0174580041961786	0.0104428266716033	0.0268460275730484	0.421301184740522	0.306797269406926	0.581778001903997	0.000151818440547293	2.78259432827072e-05	0.000835717634048202	0.566934532128159	0.128320255210688	2.07508359372912	0.0986629401835608	0.908909277698913	9.25198068947847	0.0392778691491412
Serotype_4	Population_B	Gene1_A	0.0133766027982347	0.000624277781675576	0.438525533254239	965	375151	3	0.0553	14	1	0.0157804391276875	0.00920706016569641	0.0247025798096496	0.421301184740522	0.306797269406926	0.581778001903997	7.94323820128126e-05	1.50029611034148e-05	0.000459424710304838	0.566934532128159	0.128320255210688	2.07508359372912	0.179704545743863	0.872761158022292	9.25198068947847	0.0392778691491412
Serotype_5	Population_B	Gene1_A	0.0481973820948042	0.000361271220343049	0.438525533254239	965	375151	3	0.0553	55	0	0.0573961089405171	0.0437206288661919	0.0730885309970558	0.421301184740522	0.306797269406926	0.581778001903997	1.2210014867313e-05	1.40676118076566e-06	0.000111604366116664	0.566934532128159	0.128320255210688	2.07508359372912	0.190855321303945	0.966202636191948	9.25198068947847	0.0392778691491412
Serotype_6	Population_B	Gene1_A	0.0351819290430285	0.0551160483973277	0.438525533254239	965	375151	3	0.0553	38	55	0.0390063757961216	0.0302086001996352	0.0496140103736082	0.421301184740522	0.306797269406926	0.581778001903997	0.0053260648349435	0.00142434550814157	0.0237605522680858	0.566934532128159	0.128320255210688	2.07508359372912	0.108704862329059	0.903366351728479	9.25198068947847	0.0392778691491412
Serotype_7	Population_B	Gene1_A	0.00204682376934215	1.69363031133799e-05	0.438525533254239	965	375151	3	0.0553	1	0	0.0017369201908607	0.000260324291169633	0.0058379310668409	0.421301184740522	0.306797269406926	0.581778001903997	1.01005899741946e-05	1.28255380479858e-06	9.12459825986438e-05	0.566934532128159	0.128320255210688	2.07508359372912	0.151407064508077	0.403613060856531	9.25198068947847	0.0392778691491412
Serotype_8	Population_B	Gene1_A	0.0261694009066559	0.00609865355644351	0.438525533254239	965	375151	3	0.0553	24	4	0.025328293971139	0.0171863270096228	0.035965173792252	0.421301184740522	0.306797269406926	0.581778001903997	0.000584939359694556	0.000144798856902878	0.00276779992624165	0.566934532128159	0.128320255210688	2.07508359372912	0.0321408555937955	0.904087130990325	9.25198068947847	0.0392778691491412
Serotype_9	Population_B	Gene1_A	0.0317030120640993	0.00768771721786772	0.438525533254239	965	375151	3	0.0553	32	3	0.0302100631776852	0.0214077759530309	0.0411840151810831	0.421301184740522	0.306797269406926	0.581778001903997	0.000819696733893224	0.000210342649427584	0.00370938788988802	0.566934532128159	0.128320255210688	2.07508359372912	0.0470917048321947	0.893375795354687	9.25198068947847	0.0392778691491412
Serotype_10	Population_B	Gene1_A	0.0216411999543197	0.00915736905140876	0.438525533254239	965	375151	3	0.0553	22	6	0.0230353352104394	0.0154519719138518	0.0323562289767348	0.421301184740522	0.306797269406926	0.581778001903997	0.0010189296236015	0.000266133741010298	0.00468223228387097	0.566934532128159	0.128320255210688	2.07508359372912	0.0644204230385732	0.888731182735859	9.25198068947847	0.0392778691491412
Serotype_11	Population_B	Gene1_A	0.0176143828430213	0.00522944348484999	0.438525533254239	965	375151	3	0.0553	14	0	0.0134324408626708	0.00764942408101125	0.0214248182505818	0.421301184740522	0.306797269406926	0.581778001903997	0.00045041644174081	0.000115672641546816	0.00212807734188788	0.566934532128159	0.128320255210688	2.07508359372912	0.237416321515199	0.913869144384925	9.25198068947847	0.0392778691491412
Serotype_12	Population_B	Gene1_A	0.0293468654039316	0.00171333895893638	0.438525533254239	965	375151	3	0.0553	25	2	0.0271318414421298	0.0181319158027675	0.0387211577234228	0.421301184740522	0.306797269406926	0.581778001903997	0.0001915960444349	4.1561226282231e-05	0.000993746558792818	0.566934532128159	0.128320255210688	2.07508359372912	0.0754773612552527	0.888173882094037	9.25198068947847	0.0392778691491412
Serotype_13	Population_B	Gene1_A	0.0276714506442659	0.0211797975556686	0.438525533254239	965	375151	3	0.0553	30	19	0.0324176238887444	0.0241684575607607	0.0425666394464007	0.421301184740522	0.306797269406926	0.581778001903997	0.00205898702020449	0.000551335488194067	0.00927865017690677	0.566934532128159	0.128320255210688	2.07508359372912	0.171518772380012	0.902785330464435	9.25198068947847	0.0392778691491412
Serotype_14	Population_B	Gene1_A	0.0118981225183234	1.51053280711885e-05	0.438525533254239	965	375151	3	0.0553	12	0	0.0130713946922244	0.00695208266350465	0.021885267650511	0.421301184740522	0.306797269406926	0.581778001903997	3.16878813740749e-06	1.05494226525854e-06	3.58237339384754e-05	0.566934532128159	0.128320255210688	2.07508359372912	0.0986098581599034	0.790220502164958	9.25198068947847	0.0392778691491412
Serotype_15	Population_B	Gene1_A	0.0319126697140746	0.00159293845675666	0.438525533254239	965	375151	3	0.0553	27	1	0.028597654238413	0.0195810156307502	0.0397517264904049	0.421301184740522	0.306797269406926	0.581778001903997	0.000138473458120253	3.19010471042279e-05	0.000674303033902352	0.566934532128159	0.128320255210688	2.07508359372912	0.103877723341947	0.913070428092874	9.25198068947847	0.0392778691491412
Serotype_16	Population_B	Gene1_A	0.0273286697803997	2.15697089724176e-05	0.438525533254239	965	375151	3	0.0553	24	0	0.0254081102426704	0.0168820001391278	0.0362753830213679	0.421301184740522	0.306797269406926	0.581778001903997	3.34979205344244e-06	1.0649078678035e-06	3.81824109800762e-05	0.566934532128159	0.128320255210688	2.07508359372912	0.0702763637294439	0.844699246627481	9.25198068947847	0.0392778691491412
Serotype_17	Population_B	Gene1_A	0.00319742342690006	4.96360232812137e-05	0.438525533254239	965	375151	3	0.0553	3	0	0.00381955030566472	0.00116609981748961	0.0089493959083401	0.421301184740522	0.306797269406926	0.581778001903997	3.49993402632356e-06	1.05211602398701e-06	4.15425951639031e-05	0.566934532128159	0.128320255210688	2.07508359372912	0.194571314368525	0.929488025128552	9.25198068947847	0.0392778691491412
Serotype_18	Population_B	Gene1_A	0.0461338208056986	0.0284992836819387	0.438525533254239	965	375151	3	0.0553	42	30	0.0438322370708241	0.0333641753113925	0.0561018125654206	0.421301184740522	0.306797269406926	0.581778001903997	0.00257326737494304	0.00068652238069588	0.0116439633922722	0.566934532128159	0.128320255210688	2.07508359372912	0.0498892936825691	0.909707647263646	9.25198068947847	0.0392778691491412
Serotype_19	Population_B	Gene1_A	0.0492606148705818	0.00499501697873601	0.438525533254239	965	375151	3	0.0553	43	8	0.0476578649925404	0.0357411654851748	0.0618281159591774	0.421301184740522	0.306797269406926	0.581778001903997	0.000411502834259686	9.97470771924518e-05	0.00200569263308286	0.566934532128159	0.128320255210688	2.07508359372912	0.0325361322072843	0.917617330229012	9.25198068947847	0.0392778691491412
Serotype_20	Population_B	Gene1_A	0.0123245313880034	0.0261759830892973	0.438525533254239	965	375151	3	0.0553	16	9	0.0158020994394271	0.0102618918862782	0.0227449788127919	0.421301184740522	0.306797269406926	0.581778001903997	0.00244332087533237	0.000646598625577623	0.010947219292899	0.566934532128159	0.128320255210688	2.07508359372912	0.282166351153013	0.906657913592121	9.25198068947847	0.0392778691491412
Serotype_1	Population_C	Gene1_A	0.0304442405817099	0.00192366131736158	0.526077831907325	1070	77460	2	0.0553	41	0	0.038696044611355	0.0283838225531564	0.0510401434233443	0.252174547051042	0.116427084606899	0.480802890813095	0.000203617631925335	4.53288447321467e-05	0.00104405095554765	0.566934532128159	0.128320255210688	2.07508359372912	0.271046472895191	0.894150997325969	9.25198068947847	0.520651637920631
Serotype_2	Population_C	Gene1_A	0.0414001481141895	7.10537281277665e-05	0.526077831907325	1070	77460	2	0.0553	41	0	0.0388665308914408	0.0282955919420985	0.0516299411776721	0.252174547051042	0.116427084606899	0.480802890813095	3.7910214095236e-06	1.06999759025287e-06	4.76897479385222e-05	0.566934532128159	0.128320255210688	2.07508359372912	0.0611982646960711	0.946645707277925	9.25198068947847	0.520651637920631
Serotype_3	Population_C	Gene1_A	0.0393139221821912	0.00166667292466383	0.526077831907325	1070	77460	2	0.0553	32	1	0.0312982741004978	0.021900948829824	0.0428666744985083	0.252174547051042	0.116427084606899	0.480802890813095	0.000151818440547293	2.78259432827072e-05	0.000835717634048202	0.566934532128159	0.128320255210688	2.07508359372912	0.203888282744894	0.908909277698913	9.25198068947847	0.520651637920631
Serotype_4	Population_C	Gene1_A	0.0206521229702048	0.000624277781675576	0.526077831907325	1070	77460	2	0.0553	22	0	0.0210855652946222	0.0134661218057811	0.0311055995699071	0.252174547051042	0.116427084606899	0.480802890813095	7.94323820128126e-05	1.50029611034148e-05	0.000459424710304838	0.566934532128159	0.128320255210688	2.07508359372912	0.0209877853740617	0.872761158022292	9.25198068947847	0.520651637920631
Serotype_5	Population_C	Gene1_A	0.0163481434574351	0.000361271220343049	0.526077831907325	1070	77460	2	0.0553	15	0	0.0146391432406913	0.00846696383256655	0.0232968276547685	0.252174547051042	0.116427084606899	0.480802890813095	1.2210014867313e-05	1.40676118076566e-06	0.000111604366116664	0.566934532128159	0.128320255210688	2.07508359372912	0.104537877416688	0.966202636191948	9.25198068947847	0.520651637920631
Serotype_6	Population_C	Gene1_A	0.0117069908883423	0.0551160483973277	0.526077831907325	1070	77460	2	0.0553	19	1	0.0172893308456589	0.010814629660561	0.0260821486721269	0.252174547051042	0.116427084606899	0.480802890813095	0.0053260648349435	0.00142434550814157	0.0237605522680858	0.566934532128159	0.128320255210688	2.07508359372912	0.476838156838023	0.903366351728479	9.25198068947847	0.520651637920631
Serotype_7	Population_C	Gene1_A	0.00736495895544067	1.69363031133799e-05	0.526077831907325	1070	77460	2	0.0553	7	0	0.00716949964398065	0.00315338988921851	0.013413522192211	0.252174547051042	0.116427084606899	0.480802890813095	1.01005899741946e-05	1.28255380479858e-06	9.12459825986438e-05	0.566934532128159	0.128320255210688	2.07508359372912	0.0265390903931152	0.403613060856531	9.25198068947847	0.520651637920631
Serotype_8	Population_C	Gene1_A	0.0483447378268465	0.00609865355644351	0.526077831907325	1070	77460	2	0.0553	62	0	0.0577226642509966	0.0448550575281375	0.0729845853617748	0.252174547051042	0.116427084606899	0.480802890813095	0.000584939359694556	0.000144798856902878	0.00276779992624165	0.566934532128159	0.128320255210688	2.07508359372912	0.193980293320411	0.904087130990325	9.25198068947847	0.520651637920631
Serotype_9	Population_C	Gene1_A	0.0458094580215402	0.00768771721786772	0.526077831907325	1070	77460	2	0.0553	55	0	0.0510681714500926	0.0393130057897529	0.064930679153416	0.252174547051042	0.116427084606899	0.480802890813095	0.000819696733893224	0.000210342649427584	0.00370938788988802	0.566934532128159	0.128320255210688	2.07508359372912	0.11479536444373	0.893375795354687	9.25198068947847	0.520651637920631
Serotype_10	Population_C	Gene1_A	0.0154266498167999	0.00915736905140876	0.526077831907325	1070	77460	2	0.0553	20	1	0.0197457808743441	0.0125426914045454	0.0291469727184474	0.252174547051042	0.116427084606899	0.480802890813095	0.0010189296236015	0.000266133741010298	0.00468223228387097	0.566934532128159	0.128320255210688	2.07508359372912	0.279978550679268	0.888731182735859	9.25198068947847	0.520651637920631
Serotype_11	Population_C	Gene1_A	0.0051391840679571	0.00522944348484999	0.526077831907325	1070	77460	2	0.0553	7	0	0.00712156957668273	0.00319689766344222	0.0134748979477816	0.252174547051042	0.116427084606899	0.480802890813095	0.00045041644174081	0.000115672641546816	0.00212807734188788	0.566934532128159	0.128320255210688	2.07508359372912	0.385739347435682	0.913869144384925	9.25198068947847	0.520651637920631
Serotype_12	Population_C	Gene1_A	0.0453350766096264	0.00171333895893638	0.526077831907325	1070	77460	2	0.0553	50	1	0.048073616069571	0.0361339095510401	0.0624197558111292	0.252174547051042	0.116427084606899	0.480802890813095	0.0001915960444349	4.1561226282231e-05	0.000993746558792818	0.566934532128159	0.128320255210688	2.07508359372912	0.0604066357607756	0.888173882094037	9.25198068947847	0.520651637920631
Serotype_13	Population_C	Gene1_A	0.00767883700318635	0.0211797975556686	0.526077831907325	1070	77460	2	0.0553	12	0	0.0112645261730433	0.00625993022833149	0.0185908507593906	0.252174547051042	0.116427084606899	0.480802890813095	0.00205898702020449	0.000551335488194067	0.00927865017690677	0.566934532128159	0.128320255210688	2.07508359372912	0.466957322882241	0.902785330464435	9.25198068947847	0.520651637920631
Serotype_14	Population_C	Gene1_A	0.0413290262105875	1.51053280711885e-05	0.526077831907325	1070	77460	2	0.0553	46	0	0.0435983112776959	0.0323486342328535	0.0568713654113206	0.252174547051042	0.116427084606899	0.480802890813095	3.16878813740749e-06	1.05494226525854e-06	3.58237339384754e-05	0.566934532128159	0.128320255210688	2.07508359372912	0.054907779717468	0.790220502164958	9.25198068947847	0.520651637920631
Serotype_15	Population_C	Gene1_A	0.0325935263419524	0.00159293845675666	0.526077831907325	1070	77460	2	0.0553	27	0	0.0257845670187966	0.0172490579331799	0.0364787702427348	0.252174547051042	0.116427084606899	0.480802890813095	0.000138473458120253	3.19010471042279e-05	0.000674303033902352	0.566934532128159	0.128320255210688	2.07508359372912	0.20890526700671	0.913070428092874	9.25198068947847	0.520651637920631
Serotype_16	Population_C	Gene1_A	0.0306206533336081	2.15697089724176e-05	0.526077831907325	1070	77460	2	0.0553	32	0	0.0305442148812595	0.0211771861510772	0.0418126796062385	0.252174547051042	0.116427084606899	0.480802890813095	3.34979205344244e-06	1.0649078678035e-06	3.81824109800762e-05	0.566934532128159	0.128320255210688	2.07508359372912	0.00249630376973897	0.844699246627481	9.25198068947847	0.520651637920631
Serotype_17	Population_C	Gene1_A	0.0333546431618743	4.96360232812137e-05	0.526077831907325	1070	77460	2	0.0553	42	0	0.0397555849526225	0.0290994013203855	0.0525680660740037	0.252174547051042	0.116427084606899	0.480802890813095	3.49993402632356e-06	1.05211602398701e-06	4.15425951639031e-05	0.566934532128159	0.128320255210688	2.07508359372912	0.191905569478997	0.929488025128552	9.25198068947847	0.520651637920631
Serotype_18	Population_C	Gene1_A	0.0406014409963973	0.0284992836819387	0.526077831907325	1070	77460	2	0.0553	44	5	0.043906654928621	0.033164219304224	0.0570315563667079	0.252174547051042	0.116427084606899	0.480802890813095	0.00257326737494304	0.00068652238069588	0.0116439633922722	0.566934532128159	0.128320255210688	2.07508359372912	0.0814063208376514	0.909707647263646	9.25198068947847	0.520651637920631
Serotype_19	Population_C	Gene1_A	0.00417001257883385	0.00499501697873601	0.526077831907325	1070	77460	2	0.0553	3	0	0.00337264006885656	0.00101077096028351	0.00792903971272405	0.252174547051042	0.116427084606899	0.480802890813095	0.000411502834259686	9.97470771924518e-05	0.00200569263308286	0.566934532128159	0.128320255210688	2.07508359372912	0.191215852447206	0.917617330229012	9.25198068947847	0.520651637920631
Serotype_20	Population_C	Gene1_A	0.0183410770609044	0.0261759830892973	0.526077831907325	1070	77460	2	0.0553	22	2	0.0218943888847389	0.0144176691180536	0.0313779907924753	0.252174547051042	0.116427084606899	0.480802890813095	0.00244332087533237	0.000646598625577623	0.010947219292899	0.566934532128159	0.128320255210688	2.07508359372912	0.193735177712587	0.906657913592121	9.25198068947847	0.520651637920631
Serotype_1	Population_C	Gene1_B	0.0165226448560134	0.00192366131736158	0.526077831907325	1070	77460	2	1e-04	14	0	0.0136824325082624	0.00793668566201378	0.0217072629560946	0.252174547051042	0.116427084606899	0.480802890813095	0.000203617631925335	4.53288447321467e-05	0.00104405095554765	0.0641427922257691	0.0322841443715132	0.388235520992767	0.171898165971733	0.894150997325969	640.427922257691	0.520651637920631
Serotype_2	Population_C	Gene1_B	0.0100332346977666	7.10537281277665e-05	0.526077831907325	1070	77460	2	1e-04	11	0	0.0109276753641728	0.00590000497087964	0.0181638305151442	0.252174547051042	0.116427084606899	0.480802890813095	3.7910214095236e-06	1.06999759025287e-06	4.76897479385222e-05	0.0641427922257691	0.0322841443715132	0.388235520992767	0.0891477866659768	0.946645707277925	640.427922257691	0.520651637920631
Serotype_3	Population_C	Gene1_B	0.0192443488747813	0.00166667292466383	0.526077831907325	1070	77460	2	1e-04	25	0	0.0240539213371999	0.015858020489588	0.0340281443361171	0.252174547051042	0.116427084606899	0.480802890813095	0.000151818440547293	2.78259432827072e-05	0.000835717634048202	0.0641427922257691	0.0322841443715132	0.388235520992767	0.249921288255238	0.908909277698913	640.427922257691	0.520651637920631
Serotype_4	Population_C	Gene1_B	0.00921126847388223	0.000624277781675576	0.526077831907325	1070	77460	2	1e-04	9	0	0.00905546831395493	0.00446244679817395	0.0156972642759431	0.252174547051042	0.116427084606899	0.480802890813095	7.94323820128126e-05	1.50029611034148e-05	0.000459424710304838	0.0641427922257691	0.0322841443715132	0.388235520992767	0.0169140830461148	0.872761158022292	640.427922257691	0.520651637920631
Serotype_5	Population_C	Gene1_B	0.00951881209621206	0.000361271220343049	0.526077831907325	1070	77460	2	1e-04	11	0	0.0109002174721742	0.00580251980664841	0.0182126220847925	0.252174547051042	0.116427084606899	0.480802890813095	1.2210014867313e-05	1.40676118076566e-06	0.000111604366116664	0.0641427922257691	0.0322841443715132	0.388235520992767	0.145123715228275	0.966202636191948	640.427922257691	0.520651637920631
Serotype_6	Population_C	Gene1_B	0.029781572567299	0.0551160483973277	0.526077831907325	1070	77460	2	1e-04	29	0	0.0272473915685356	0.0187324045352824	0.0376699503418269	0.252174547051042	0.116427084606899	0.480802890813095	0.0053260648349435	0.00142434550814157	0.0237605522680858	0.0641427922257691	0.0322841443715132	0.388235520992767	0.0850922493443477	0.903366351728479	640.427922257691	0.520651637920631
Serotype_7	Population_C	Gene1_B	0.0125511533464305	1.69363031133799e-05	0.526077831907325	1070	77460	2	1e-04	13	0	0.0127449760948271	0.00725991425037946	0.0206240529065902	0.252174547051042	0.116427084606899	0.480802890813095	1.01005899741946e-05	1.28255380479858e-06	9.12459825986438e-05	0.0641427922257691	0.0322841443715132	0.388235520992767	0.0154426245179828	0.403613060856531	640.427922257691	0.520651637920631
Serotype_8	Population_C	Gene1_B	0.0147352556581609	0.00609865355644351	0.526077831907325	1070	77460	2	1e-04	19	0	0.0183482453459831	0.0114277524899612	0.0277085784065571	0.252174547051042	0.116427084606899	0.480802890813095	0.000584939359694556	0.000144798856902878	0.00276779992624165	0.0641427922257691	0.0322841443715132	0.388235520992767	0.245193552907324	0.904087130990325	640.427922257691	0.520651637920631
Serotype_9	Population_C	Gene1_B	0.0377011657925323	0.00768771721786772	0.526077831907325	1070	77460	2	1e-04	48	0	0.0452145569944937	0.0337134109208911	0.0590733407581755	0.252174547051042	0.116427084606899	0.480802890813095	0.000819696733893224	0.000210342649427584	0.00370938788988802	0.0641427922257691	0.0322841443715132	0.388235520992767	0.199288033778777	0.893375795354687	640.427922257691	0.520651637920631
Serotype_10	Population_C	Gene1_B	0.0302055168314837	0.00915736905140876	0.526077831907325	1070	77460	2	1e-04	39	0	0.0369254424034211	0.0268048854825574	0.0494472562989644	0.252174547051042	0.116427084606899	0.480802890813095	0.0010189296236015	0.000266133741010298	0.00468223228387097	0.0641427922257691	0.0322841443715132	0.388235520992767	0.222473451105895	0.888731182735859	640.427922257691	0.520651637920631
Serotype_11	Population_C	Gene1_B	0.0375929219764657	0.00522944348484999	0.526077831907325	1070	77460	2	1e-04	27	0	0.025683798106076	0.0173532018020732	0.0367177260258788	0.252174547051042	0.116427084606899	0.480802890813095	0.00045041644174081	0.000115672641546816	0.00212807734188788	0.0641427922257691	0.0322841443715132	0.388235520992767	0.316791652371294	0.913869144384925	640.427922257691	0.520651637920631
Serotype_12	Population_C	Gene1_B	0.0388871324830689	0.00171333895893638	0.526077831907325	1070	77460	2	1e-04	38	0	0.0359182005197315	0.0259062522061861	0.0478735585334744	0.252174547051042	0.116427084606899	0.480802890813095	0.0001915960444349	4.1561226282231e-05	0.000993746558792818	0.0641427922257691	0.0322841443715132	0.388235520992767	0.0763474129811452	0.888173882094037	640.427922257691	0.520651637920631
Serotype_13	Population_C	Gene1_B	0.0107436631456949	0.0211797975556686	0.526077831907325	1070	77460	2	1e-04	11	0	0.0107957942296462	0.00580235577076636	0.0180727402070688	0.252174547051042	0.116427084606899	0.480802890813095	0.00205898702020449	0.000551335488194067	0.00927865017690677	0.0641427922257691	0.0322841443715132	0.388235520992767	0.00485226344537765	0.902785330464435	640.427922257691	0.520651637920631
Serotype_14	Population_C	Gene1_B	0.0492666954407468	1.51053280711885e-05	0.526077831907325	1070	77460	2	1e-04	62	0	0.0584941539969396	0.045698287629449	0.0736616714702474	0.252174547051042	0.116427084606899	0.480802890813095	3.16878813740749e-06	1.05494226525854e-06	3.58237339384754e-05	0.0641427922257691	0.0322841443715132	0.388235520992767	0.187296072400282	0.790220502164958	640.427922257691	0.520651637920631
Serotype_15	Population_C	Gene1_B	0.0153726678690873	0.00159293845675666	0.526077831907325	1070	77460	2	1e-04	18	0	0.0174170732705424	0.0107252911999009	0.0264054551509328	0.252174547051042	0.116427084606899	0.480802890813095	0.000138473458120253	3.19010471042279e-05	0.000674303033902352	0.0641427922257691	0.0322841443715132	0.388235520992767	0.132989629312563	0.913070428092874	640.427922257691	0.520651637920631
Serotype_16	Population_C	Gene1_B	0.0234023062395863	2.15697089724176e-05	0.526077831907325	1070	77460	2	1e-04	26	0	0.024871619703343	0.0167224727495487	0.0352808891346713	0.252174547051042	0.116427084606899	0.480802890813095	3.34979205344244e-06	1.0649078678035e-06	3.81824109800762e-05	0.0641427922257691	0.0322841443715132	0.388235520992767	0.0627849857494488	0.844699246627481	640.427922257691	0.520651637920631
Serotype_17	Population_C	Gene1_B	0.0053627957473509	4.96360232812137e-05	0.526077831907325	1070	77460	2	1e-04	9	0	0.00902183714215652	0.00446001899909056	0.0158607459059833	0.252174547051042	0.116427084606899	0.480802890813095	3.49993402632356e-06	1.05211602398701e-06	4.15425951639031e-05	0.0641427922257691	0.0322841443715132	0.388235520992767	0.682301092040118	0.929488025128552	640.427922257691	0.520651637920631
Serotype_18	Population_C	Gene1_B	0.0218639030354097	0.0284992836819387	0.526077831907325	1070	77460	2	1e-04	30	0	0.0284480234533827	0.0195037313257529	0.0394912342624611	0.252174547051042	0.116427084606899	0.480802890813095	0.00257326737494304	0.00068652238069588	0.0116439633922722	0.0641427922257691	0.0322841443715132	0.388235520992767	0.301141127789931	0.909707647263646	640.427922257691	0.520651637920631
Serotype_19	Population_C	Gene1_B	0.0280325136613101	0.00499501697873601	0.526077831907325	1070	77460	2	1e-04	32	0	0.0304054864566684	0.0211958135480685	0.0419957039688743	0.252174547051042	0.116427084606899	0.480802890813095	0.000411502834259686	9.97470771924518e-05	0.00200569263308286	0.0641427922257691	0.0322841443715132	0.388235520992767	0.0846507317905436	0.917617330229012	640.427922257691	0.520651637920631
Serotype_20	Population_C	Gene1_B	0.011551127792336	0.0261759830892973	0.526077831907325	1070	77460	2	1e-04	16	0	0.0154270304807492	0.00925107850407478	0.0240261229330129	0.252174547051042	0.116427084606899	0.480802890813095	0.00244332087533237	0.000646598625577623	0.010947219292899	0.0641427922257691	0.0322841443715132	0.388235520992767	0.335543226435837	0.906657913592121	640.427922257691	0.520651637920631
Serotype_1	Population_D	Gene1_B	0.0436849843943492	0.00192366131736158	3.64302469360496	1395	126564	3	1e-04	57	0	0.0412210650540222	0.0316808914756767	0.0528686260599798	0.136042166698699	0.0232621392178163	0.71109674050645	0.000203617631925335	4.53288447321467e-05	0.00104405095554765	0.0641427922257691	0.0322841443715132	0.388235520992767	0.056401973686998	0.894150997325969	640.427922257691	0.962656809069258
Serotype_2	Population_D	Gene1_B	0.0462644608691335	7.10537281277665e-05	3.64302469360496	1395	126564	3	1e-04	64	0	0.04625004036032	0.0360007047539411	0.0581552396122876	0.136042166698699	0.0232621392178163	0.71109674050645	3.7910214095236e-06	1.06999759025287e-06	4.76897479385222e-05	0.0641427922257691	0.0322841443715132	0.388235520992767	0.000311697327551057	0.946645707277925	640.427922257691	0.962656809069258
Serotype_3	Population_D	Gene1_B	0.0393776112352498	0.00166667292466383	3.64302469360496	1395	126564	3	1e-04	67	0	0.0485005294226032	0.0380181924325627	0.0605714887118878	0.136042166698699	0.0232621392178163	0.71109674050645	0.000151818440547293	2.78259432827072e-05	0.000835717634048202	0.0641427922257691	0.0322841443715132	0.388235520992767	0.231677796117476	0.908909277698913	640.427922257691	0.962656809069258
Serotype_4	Population_D	Gene1_B	0.00356526145478711	0.000624277781675576	3.64302469360496	1395	126564	3	1e-04	5	0	0.00403799015322286	0.00159029250913706	0.00821451465099074	0.136042166698699	0.0232621392178163	0.71109674050645	7.94323820128126e-05	1.50029611034148e-05	0.000459424710304838	0.0641427922257691	0.0322841443715132	0.388235520992767	0.132592996174522	0.872761158022292	640.427922257691	0.962656809069258
Serotype_5	Population_D	Gene1_B	0.0254439185140654	0.000361271220343049	3.64302469360496	1395	126564	3	1e-04	33	0	0.0240971716037524	0.0170320641071587	0.0329843948062568	0.136042166698699	0.0232621392178163	0.71109674050645	1.2210014867313e-05	1.40676118076566e-06	0.000111604366116664	0.0641427922257691	0.0322841443715132	0.388235520992767	0.0529300119228331	0.966202636191948	640.427922257691	0.962656809069258
Serotype_6	Population_D	Gene1_B	0.0326767196180299	0.0551160483973277	3.64302469360496	1395	126564	3	1e-04	47	2	0.0349210131987587	0.0261420637359824	0.0453725635088298	0.136042166698699	0.0232621392178163	0.71109674050645	0.0053260648349435	0.00142434550814157	0.0237605522680858	0.0641427922257691	0.0322841443715132	0.388235520992767	0.0686817283669591	0.903366351728479	640.427922257691	0.962656809069258
Serotype_7	Population_D	Gene1_B	0.0289731101831421	1.69363031133799e-05	3.64302469360496	1395	126564	3	1e-04	37	0	0.0269890614500064	0.0191426821532886	0.0365880818077944	0.136042166698699	0.0232621392178163	0.71109674050645	1.01005899741946e-05	1.28255380479858e-06	9.12459825986438e-05	0.0641427922257691	0.0322841443715132	0.388235520992767	0.0684789696582231	0.403613060856531	640.427922257691	0.962656809069258
Serotype_8	Population_D	Gene1_B	0.0432911945856176	0.00609865355644351	3.64302469360496	1395	126564	3	1e-04	59	0	0.0427258072617609	0.0330408032450039	0.053682632382167	0.136042166698699	0.0232621392178163	0.71109674050645	0.000584939359694556	0.000144798856902878	0.00276779992624165	0.0641427922257691	0.0322841443715132	0.388235520992767	0.0130600998486792	0.904087130990325	640.427922257691	0.962656809069258
Serotype_9	Population_D	Gene1_B	0.0394759786082432	0.00768771721786772	3.64302469360496	1395	126564	3	1e-04	49	0	0.0355322001612429	0.0265931793383139	0.0462428451783426	0.136042166698699	0.0232621392178163	0.71109674050645	0.000819696733893224	0.000210342649427584	0.00370938788988802	0.0641427922257691	0.0322841443715132	0.388235520992767	0.0999032471401927	0.893375795354687	640.427922257691	0.962656809069258
Serotype_10	Population_D	Gene1_B	0.0267751816892996	0.00915736905140876	3.64302469360496	1395	126564	3	1e-04	38	0	0.0276915242934811	0.0198659633349861	0.03690741120404	0.136042166698699	0.0232621392178163	0.71109674050645	0.0010189296236015	0.000266133741010298	0.00468223228387097	0.0641427922257691	0.0322841443715132	0.388235520992767	0.0342235811810611	0.888731182735859	640.427922257691	0.962656809069258
Serotype_11	Population_D	Gene1_B	0.0132743216236122	0.00522944348484999	3.64302469360496	1395	126564	3	1e-04	24	0	0.0176845976441335	0.0117350620671742	0.0250827415159352	0.136042166698699	0.0232621392178163	0.71109674050645	0.00045041644174081	0.000115672641546816	0.00212807734188788	0.0641427922257691	0.0322841443715132	0.388235520992767	0.332241160457978	0.913869144384925	640.427922257691	0.962656809069258
Serotype_12	Population_D	Gene1_B	0.0477119026589207	0.00171333895893638	3.64302469360496	1395	126564	3	1e-04	67	0	0.0484099640053373	0.0379101241437885	0.0608338255201693	0.136042166698699	0.0232621392178163	0.71109674050645	0.0001915960444349	4.1561226282231e-05	0.000993746558792818	0.0641427922257691	0.0322841443715132	0.388235520992767	0.0146307589409465	0.888173882094037	640.427922257691	0.962656809069258
Serotype_13	Population_D	Gene1_B	0.0172151857172139	0.0211797975556686	3.64302469360496	1395	126564	3	1e-04	32	0	0.0232530998950779	0.0163291482726935	0.0317951840168152	0.136042166698699	0.0232621392178163	0.71109674050645	0.00205898702020449	0.000551335488194067	0.00927865017690677	0.0641427922257691	0.0322841443715132	0.388235520992767	0.350731864125433	0.902785330464435	640.427922257691	0.962656809069258
Serotype_14	Population_D	Gene1_B	0.0417258150642738	1.51053280711885e-05	3.64302469360496	1395	126564	3	1e-04	54	0	0.0391448084675197	0.0296312642214119	0.0502567792516161	0.136042166698699	0.0232621392178163	0.71109674050645	3.16878813740749e-06	1.05494226525854e-06	3.58237339384754e-05	0.0641427922257691	0.0322841443715132	0.388235520992767	0.061856349427286	0.790220502164958	640.427922257691	0.962656809069258
Serotype_15	Population_D	Gene1_B	0.0108044692547992	0.00159293845675666	3.64302469360496	1395	126564	3	1e-04	15	0	0.0112047572969927	0.00666067202022131	0.0176377560067283	0.136042166698699	0.0232621392178163	0.71109674050645	0.000138473458120253	3.19010471042279e-05	0.000674303033902352	0.0641427922257691	0.0322841443715132	0.388235520992767	0.0370483762555646	0.913070428092874	640.427922257691	0.962656809069258
Serotype_16	Population_D	Gene1_B	0.0376063337782398	2.15697089724176e-05	3.64302469360496	1395	126564	3	1e-04	50	0	0.0363057412686056	0.027276870301792	0.0468366710324806	0.136042166698699	0.0232621392178163	0.71109674050645	3.34979205344244e-06	1.0649078678035e-06	3.81824109800762e-05	0.0641427922257691	0.0322841443715132	0.388235520992767	0.0345844005242202	0.844699246627481	640.427922257691	0.962656809069258
Serotype_17	Population_D	Gene1_B	0.00252573674079031	4.96360232812137e-05	3.64302469360496	1395	126564	3	1e-04	4	0	0.00337955843933521	0.00114959093141808	0.00739096247442035	0.136042166698699	0.0232621392178163	0.71109674050645	3.49993402632356e-06	1.05211602398701e-06	4.15425951639031e-05	0.0641427922257691	0.0322841443715132	0.388235520992767	0.338048572028826	0.929488025128552	640.427922257691	0.962656809069258
Serotype_18	Population_D	Gene1_B	0.0418982166796923	0.0284992836819387	3.64302469360496	1395	126564	3	1e-04	58	0	0.0416985149822536	0.0322407148319803	0.0530889267182072	0.136042166698699	0.0232621392178163	0.71109674050645	0.00257326737494304	0.00068652238069588	0.0116439633922722	0.0641427922257691	0.0322841443715132	0.388235520992767	0.00476635315926246	0.909707647263646	640.427922257691	0.962656809069258
Serotype_19	Population_D	Gene1_B	0.0395587505307049	0.00499501697873601	3.64302469360496	1395	126564	3	1e-04	56	0	0.0404033571929463	0.0309159570776916	0.051799753773227	0.136042166698699	0.0232621392178163	0.71109674050645	0.000411502834259686	9.97470771924518e-05	0.00200569263308286	0.0641427922257691	0.0322841443715132	0.388235520992767	0.02135069108378	0.917617330229012	640.427922257691	0.962656809069258
Serotype_20	Population_D	Gene1_B	0.0146029809257016	0.0261759830892973	3.64302469360496	1395	126564	3	1e-04	22	0	0.0161332745141548	0.0103482748763773	0.0233796774289455	0.136042166698699	0.0232621392178163	0.71109674050645	0.00244332087533237	0.000646598625577623	0.010947219292899	0.0641427922257691	0.0322841443715132	0.388235520992767	0.104793233397977	0.906657913592121	640.427922257691	0.962656809069258
Serotype_1	Population_D	Gene1_B	0.0254015142214485	0.00192366131736158	3.64302469360496	1395	126564	3	1e-04	38	0	0.027606052084631	0.0198137591377179	0.0371852872893551	0.136042166698699	0.0232621392178163	0.71109674050645	0.000203617631925335	4.53288447321467e-05	0.00104405095554765	0.0641427922257691	0.0322841443715132	0.388235520992767	0.0867876554115449	0.894150997325969	640.427922257691	0.962656809069258
Serotype_2	Population_D	Gene1_B	0.0439434523694217	7.10537281277665e-05	3.64302469360496	1395	126564	3	1e-04	67	0	0.0485572322056633	0.0382351450825112	0.0602895834208408	0.136042166698699	0.0232621392178163	0.71109674050645	3.7910214095236e-06	1.06999759025287e-06	4.76897479385222e-05	0.0641427922257691	0.0322841443715132	0.388235520992767	0.104993567584419	0.946645707277925	640.427922257691	0.962656809069258
Serotype_3	Population_D	Gene1_B	0.0488717667758465	0.00166667292466383	3.64302469360496	1395	126564	3	1e-04	62	0	0.0448141206243542	0.0345570210406626	0.0568499128870562	0.136042166698699	0.0232621392178163	0.71109674050645	0.000151818440547293	2.78259432827072e-05	0.000835717634048202	0.0641427922257691	0.0322841443715132	0.388235520992767	0.0830263855633241	0.908909277698913	640.427922257691	0.962656809069258
Serotype_4	Population_D	Gene1_B	0.0262619546148926	0.000624277781675576	3.64302469360496	1395	126564	3	1e-04	29	0	0.0211936841707432	0.0146649680849591	0.0294372827964993	0.136042166698699	0.0232621392178163	0.71109674050645	7.94323820128126e-05	1.50029611034148e-05	0.000459424710304838	0.0641427922257691	0.0322841443715132	0.388235520992767	0.192989079391498	0.872761158022292	640.427922257691	0.962656809069258
Serotype_5	Population_D	Gene1_B	0.0218222417985089	0.000361271220343049	3.64302469360496	1395	126564	3	1e-04	29	0	0.0212073437832412	0.014477845208707	0.0295936258218793	0.136042166698699	0.0232621392178163	0.71109674050645	1.2210014867313e-05	1.40676118076566e-06	0.000111604366116664	0.0641427922257691	0.0322841443715132	0.388235520992767	0.0281775823467285	0.966202636191948	640.427922257691	0.962656809069258
Serotype_6	Population_D	Gene1_B	0.0452412446611561	0.0551160483973277	3.64302469360496	1395	126564	3	1e-04	61	1	0.0442486980308418	0.0337703263437571	0.055650307555747	0.136042166698699	0.0232621392178163	0.71109674050645	0.0053260648349435	0.00142434550814157	0.0237605522680858	0.0641427922257691	0.0322841443715132	0.388235520992767	0.0219389770937602	0.903366351728479	640.427922257691	0.962656809069258
Serotype_7	Population_D	Gene1_B	0.0495673150755465	1.69363031133799e-05	3.64302469360496	1395	126564	3	1e-04	83	0	0.059915456558719	0.0481398163899576	0.0729088042781087	0.136042166698699	0.0232621392178163	0.71109674050645	1.01005899741946e-05	1.28255380479858e-06	9.12459825986438e-05	0.0641427922257691	0.0322841443715132	0.388235520992767	0.208769457603276	0.403613060856531	640.427922257691	0.962656809069258
Serotype_8	Population_D	Gene1_B	0.0209084717091173	0.00609865355644351	3.64302469360496	1395	126564	3	1e-04	31	0	0.0226118146406227	0.0158871238487783	0.0313405848896491	0.136042166698699	0.0232621392178163	0.71109674050645	0.000584939359694556	0.000144798856902878	0.00276779992624165	0.0641427922257691	0.0322841443715132	0.388235520992767	0.0814666397048335	0.904087130990325	640.427922257691	0.962656809069258
Serotype_9	Population_D	Gene1_B	0.0418412503204308	0.00768771721786772	3.64302469360496	1395	126564	3	1e-04	63	0	0.0455050407840049	0.0354563982165023	0.0571978200211772	0.136042166698699	0.0232621392178163	0.71109674050645	0.000819696733893224	0.000210342649427584	0.00370938788988802	0.0641427922257691	0.0322841443715132	0.388235520992767	0.087564076969875	0.893375795354687	640.427922257691	0.962656809069258
Serotype_10	Population_D	Gene1_B	0.00299870849121362	0.00915736905140876	3.64302469360496	1395	126564	3	1e-04	8	0	0.0061602123885525	0.00293348100198443	0.0113387184818665	0.136042166698699	0.0232621392178163	0.71109674050645	0.0010189296236015	0.000266133741010298	0.00468223228387097	0.0641427922257691	0.0322841443715132	0.388235520992767	1.05428850673624	0.888731182735859	640.427922257691	0.962656809069258
Serotype_11	Population_D	Gene1_B	0.0204732545767911	0.00522944348484999	3.64302469360496	1395	126564	3	1e-04	28	0	0.0204979086003449	0.0139287515309594	0.0287325072249461	0.136042166698699	0.0232621392178163	0.71109674050645	0.00045041644174081	0.000115672641546816	0.00212807734188788	0.0641427922257691	0.0322841443715132	0.388235520992767	0.00120420636891584	0.913869144384925	640.427922257691	0.962656809069258
Serotype_12	Population_D	Gene1_B	0.0415451983455569	0.00171333895893638	3.64302469360496	1395	126564	3	1e-04	54	0	0.0391577618689451	0.0300289035575501	0.0498462017349733	0.136042166698699	0.0232621392178163	0.71109674050645	0.0001915960444349	4.1561226282231e-05	0.000993746558792818	0.0641427922257691	0.0322841443715132	0.388235520992767	0.057466002611276	0.888173882094037	640.427922257691	0.962656809069258
Serotype_13	Population_D	Gene1_B	0.00224885777570307	0.0211797975556686	3.64302469360496	1395	126564	3	1e-04	6	0	0.00476343391218356	0.00197136164490172	0.00931135134861294	0.136042166698699	0.0232621392178163	0.71109674050645	0.00205898702020449	0.000551335488194067	0.00927865017690677	0.0641427922257691	0.0322841443715132	0.388235520992767	1.11815703227134	0.902785330464435	640.427922257691	0.962656809069258
Serotype_14	Population_D	Gene1_B	0.0448206190019846	1.51053280711885e-05	3.64302469360496	1395	126564	3	1e-04	71	0	0.0513864534230195	0.0404568927170888	0.0636109303463878	0.136042166698699	0.0232621392178163	0.71109674050645	3.16878813740749e-06	1.05494226525854e-06	3.58237339384754e-05	0.0641427922257691	0.0322841443715132	0.388235520992767	0.146491382029868	0.790220502164958	640.427922257691	0.962656809069258
Serotype_15	Population_D	Gene1_B	0.0384761265595444	0.00159293845675666	3.64302469360496	1395	126564	3	1e-04	51	1	0.0376341373592517	0.028626754144381	0.0483723093203041	0.136042166698699	0.0232621392178163	0.71109674050645	0.000138473458120253	3.19010471042279e-05	0.000674303033902352	0.0641427922257691	0.0322841443715132	0.388235520992767	0.0218834190336077	0.913070428092874	640.427922257691	0.962656809069258
Serotype_16	Population_D	Gene1_B	0.000462106813210994	2.15697089724176e-05	3.64302469360496	1395	126564	3	1e-04	1	0	0.0012037750804826	0.000188718801741139	0.00410036163152644	0.136042166698699	0.0232621392178163	0.71109674050645	3.34979205344244e-06	1.0649078678035e-06	3.81824109800762e-05	0.0641427922257691	0.0322841443715132	0.388235520992767	1.60497150457066	0.844699246627481	640.427922257691	0.962656809069258
Serotype_17	Population_D	Gene1_B	0.00124443282838911	4.96360232812137e-05	3.64302469360496	1395	126564	3	1e-04	1	0	0.00121729114906194	0.000192383283944857	0.00391212163339151	0.136042166698699	0.0232621392178163	0.71109674050645	3.49993402632356e-06	1.05211602398701e-06	4.15425951639031e-05	0.0641427922257691	0.0322841443715132	0.388235520992767	0.0218104816169959	0.929488025128552	640.427922257691	0.962656809069258
Serotype_18	Population_D	Gene1_B	0.00121358890319243	0.0284992836819387	3.64302469360496	1395	126564	3	1e-04	0	0	0.000493595959291599	1.78096656822935e-05	0.00263204546133793	0.136042166698699	0.0232621392178163	0.71109674050645	0.00257326737494304	0.00068652238069588	0.0116439633922722	0.0641427922257691	0.0322841443715132	0.388235520992767	0.59327581358633	0.909707647263646	640.427922257691	0.962656809069258
Serotype_19	Population_D	Gene1_B	0.0379085583961569	0.00499501697873601	3.64302469360496	1395	126564	3	1e-04	51	0	0.0369577059045745	0.02772292544077	0.0476172766562166	0.136042166698699	0.0232621392178163	0.71109674050645	0.000411502834259686	9.97470771924518e-05	0.00200569263308286	0.0641427922257691	0.0322841443715132	0.388235520992767	0.0250827921664996	0.917617330229012	640.427922257691	0.962656809069258
Serotype_20	Population_D	Gene1_B	0.027050027588848	0.0261759830892973	3.64302469360496	1395	126564	3	1e-04	33	0	0.0238935355785053	0.0165551332492313	0.0326415635122767	0.136042166698699	0.0232621392178163	0.71109674050645	0.00244332087533237	0.000646598625577623	0.010947219292899	0.0641427922257691	0.0322841443715132	0.388235520992767	0.116690898002781	0.906657913592121	640.427922257691	0.962656809069258
Serotype_1	Population_E	Gene1_B	0.0314206067239866	0.00192366131736158	1436.68464604083	853	166373	3	1e-04	32	2	0.0349717391477176	0.0243394878986891	0.0483485778599088	17.2751278345165	4.30698572864232	74.2519571488199	0.000203617631925335	4.53288447321467e-05	0.00104405095554765	0.0641427922257691	0.0322841443715132	0.388235520992767	0.113019218722472	0.894150997325969	640.427922257691	0.987975699550961
Serotype_2	Population_E	Gene1_B	0.0025040416745469	7.10537281277665e-05	1436.68464604083	853	166373	3	1e-04	3	0	0.00426242724423965	0.00119080627695375	0.0104359857101281	17.2751278345165	4.30698572864232	74.2519571488199	3.7910214095236e-06	1.06999759025287e-06	4.76897479385222e-05	0.0641427922257691	0.0322841443715132	0.388235520992767	0.702218971659457	0.946645707277925	640.427922257691	0.987975699550961
Serotype_3	Population_E	Gene1_B	0.0139016754576005	0.00166667292466383	1436.68464604083	853	166373	3	1e-04	7	1	0.00903164184012122	0.00417860067378286	0.0165064594120484	17.2751278345165	4.30698572864232	74.2519571488199	0.000151818440547293	2.78259432827072e-05	0.000835717634048202	0.0641427922257691	0.0322841443715132	0.388235520992767	0.350319904412434	0.908909277698913	640.427922257691	0.987975699550961
Serotype_4	Population_E	Gene1_B	0.0341307765454985	0.000624277781675576	1436.68464604083	853	166373	3	1e-04	39	4	0.047766772903023	0.0348209328084306	0.0636447708410016	17.2751278345165	4.30698572864232	74.2519571488199	7.94323820128126e-05	1.50029611034148e-05	0.000459424710304838	0.0641427922257691	0.0322841443715132	0.388235520992767	0.399522007339822	0.872761158022292	640.427922257691	0.987975699550961
Serotype_5	Population_E	Gene1_B	0.00972798425937071	0.000361271220343049	1436.68464604083	853	166373	3	1e-04	11	1	0.0146189033110837	0.00802442884355777	0.0241527593169041	17.2751278345165	4.30698572864232	74.2519571488199	1.2210014867313e-05	1.40676118076566e-06	0.000111604366116664	0.0641427922257691	0.0322841443715132	0.388235520992767	0.502767985772761	0.966202636191948	640.427922257691	0.987975699550961
Serotype_6	Population_E	Gene1_B	0.0304347328725271	0.0551160483973277	1436.68464604083	853	166373	3	1e-04	33	127	0.0364310293955212	0.0281989149353682	0.0464001389862889	17.2751278345165	4.30698572864232	74.2519571488199	0.0053260648349435	0.00142434550814157	0.0237605522680858	0.0641427922257691	0.0322841443715132	0.388235520992767	0.197021493440046	0.903366351728479	640.427922257691	0.987975699550961
Serotype_7	Population_E	Gene1_B	0.0428604346583597	1.69363031133799e-05	1436.68464604083	853	166373	3	1e-04	40	1	0.048136959089101	0.0353147439446151	0.0636452333491432	17.2751278345165	4.30698572864232	74.2519571488199	1.01005899741946e-05	1.28255380479858e-06	9.12459825986438e-05	0.0641427922257691	0.0322841443715132	0.388235520992767	0.123109447507951	0.403613060856531	640.427922257691	0.987975699550961
Serotype_8	Population_E	Gene1_B	0.0196354363812134	0.00609865355644351	1436.68464604083	853	166373	3	1e-04	10	8	0.0149301975275216	0.00896821741880009	0.0232236555531159	17.2751278345165	4.30698572864232	74.2519571488199	0.000584939359694556	0.000144798856902878	0.00276779992624165	0.0641427922257691	0.0322841443715132	0.388235520992767	0.239629960971663	0.904087130990325	640.427922257691	0.987975699550961
Serotype_9	Population_E	Gene1_B	0.0302278683520854	0.00768771721786772	1436.68464604083	853	166373	3	1e-04	28	25	0.0380552146048825	0.0280678827680828	0.0502603639528783	17.2751278345165	4.30698572864232	74.2519571488199	0.000819696733893224	0.000210342649427584	0.00370938788988802	0.0641427922257691	0.0322841443715132	0.388235520992767	0.258944698369945	0.893375795354687	640.427922257691	0.987975699550961
Serotype_10	Population_E	Gene1_B	0.0336189687601291	0.00915736905140876	1436.68464604083	853	166373	3	1e-04	30	25	0.0360483265044416	0.0266552894626995	0.0477958836919031	17.2751278345165	4.30698572864232	74.2519571488199	0.0010189296236015	0.000266133741010298	0.00468223228387097	0.0641427922257691	0.0322841443715132	0.388235520992767	0.0722615188361645	0.888731182735859	640.427922257691	0.987975699550961
Serotype_11	Population_E	Gene1_B	0.0383239560527727	0.00522944348484999	1436.68464604083	853	166373	3	1e-04	34	10	0.0384233017162179	0.0278738391710651	0.0517733195060891	17.2751278345165	4.30698572864232	74.2519571488199	0.00045041644174081	0.000115672641546816	0.00212807734188788	0.0641427922257691	0.0322841443715132	0.388235520992767	0.00259226013380342	0.913869144384925	640.427922257691	0.987975699550961
Serotype_12	Population_E	Gene1_B	0.0120372841251083	0.00171333895893638	1436.68464604083	853	166373	3	1e-04	12	3	0.0157939084179677	0.00923759085857073	0.0251166867139978	17.2751278345165	4.30698572864232	74.2519571488199	0.0001915960444349	4.1561226282231e-05	0.000993746558792818	0.0641427922257691	0.0322841443715132	0.388235520992767	0.312082381192915	0.888173882094037	640.427922257691	0.987975699550961
Serotype_13	Population_E	Gene1_B	0.0474009374040179	0.0211797975556686	1436.68464604083	853	166373	3	1e-04	43	64	0.0480705715438975	0.0378387253371537	0.0599726980686801	17.2751278345165	4.30698572864232	74.2519571488199	0.00205898702020449	0.000551335488194067	0.00927865017690677	0.0641427922257691	0.0322841443715132	0.388235520992767	0.0141270231466534	0.902785330464435	640.427922257691	0.987975699550961
Serotype_14	Population_E	Gene1_B	0.0247596639324911	1.51053280711885e-05	1436.68464604083	853	166373	3	1e-04	26	0	0.0310627921929616	0.020644205125437	0.044325149944213	17.2751278345165	4.30698572864232	74.2519571488199	3.16878813740749e-06	1.05494226525854e-06	3.58237339384754e-05	0.0641427922257691	0.0322841443715132	0.388235520992767	0.254572448061349	0.790220502164958	640.427922257691	0.987975699550961
Serotype_15	Population_E	Gene1_B	0.0395257750176825	0.00159293845675666	1436.68464604083	853	166373	3	1e-04	28	7	0.0374348265953967	0.0262193819972916	0.0508830358834785	17.2751278345165	4.30698572864232	74.2519571488199	0.000138473458120253	3.19010471042279e-05	0.000674303033902352	0.0641427922257691	0.0322841443715132	0.388235520992767	0.0529008835715525	0.913070428092874	640.427922257691	0.987975699550961
Serotype_16	Population_E	Gene1_B	0.0493718353682198	2.15697089724176e-05	1436.68464604083	853	166373	3	1e-04	36	0	0.0427898683526874	0.030802547050603	0.0571290653308983	17.2751278345165	4.30698572864232	74.2519571488199	3.34979205344244e-06	1.0649078678035e-06	3.81824109800762e-05	0.0641427922257691	0.0322841443715132	0.388235520992767	0.133314205689204	0.844699246627481	640.427922257691	0.987975699550961
Serotype_17	Population_E	Gene1_B	0.0235051095020026	4.96360232812137e-05	1436.68464604083	853	166373	3	1e-04	16	0	0.0194506961294923	0.0115678396786566	0.0298948120312604	17.2751278345165	4.30698572864232	74.2519571488199	3.49993402632356e-06	1.05211602398701e-06	4.15425951639031e-05	0.0641427922257691	0.0322841443715132	0.388235520992767	0.172490724715191	0.929488025128552	640.427922257691	0.987975699550961
Serotype_18	Population_E	Gene1_B	0.0166400748654269	0.0284992836819387	1436.68464604083	853	166373	3	1e-04	20	28	0.0189000075901587	0.0134000762554934	0.0263029457146903	17.2751278345165	4.30698572864232	74.2519571488199	0.00257326737494304	0.00068652238069588	0.0116439633922722	0.0641427922257691	0.0322841443715132	0.388235520992767	0.135812653669442	0.909707647263646	640.427922257691	0.987975699550961
Serotype_19	Population_E	Gene1_B	0.000580993469338864	0.00499501697873601	1436.68464604083	853	166373	3	1e-04	0	0	0.000614351748113671	2.50145192914097e-05	0.00315663331858839	17.2751278345165	4.30698572864232	74.2519571488199	0.000411502834259686	9.97470771924518e-05	0.00200569263308286	0.0641427922257691	0.0322841443715132	0.388235520992767	0.057415927261225	0.917617330229012	640.427922257691	0.987975699550961
Serotype_20	Population_E	Gene1_B	0.037499209435191	0.0261759830892973	1436.68464604083	853	166373	3	1e-04	39	81	0.0482144338022889	0.0378031970296565	0.0606520095420214	17.2751278345165	4.30698572864232	74.2519571488199	0.00244332087533237	0.000646598625577623	0.010947219292899	0.0641427922257691	0.0322841443715132	0.388235520992767	0.285745340461557	0.906657913592121	640.427922257691	0.987975699550961
Serotype_1	Population_E	Gene1_B	0.00882921181619167	0.00192366131736158	1436.68464604083	853	166373	3	1e-04	6	2	0.00867225283687388	0.00408246322548632	0.0157511158825664	17.2751278345165	4.30698572864232	74.2519571488199	0.000203617631925335	4.53288447321467e-05	0.00104405095554765	0.0641427922257691	0.0322841443715132	0.388235520992767	0.0177772356791742	0.894150997325969	640.427922257691	0.987975699550961
Serotype_2	Population_E	Gene1_B	0.0427694575744681	7.10537281277665e-05	1436.68464604083	853	166373	3	1e-04	33	0	0.0393259528881235	0.0275375445432638	0.0534991181874587	17.2751278345165	4.30698572864232	74.2519571488199	3.7910214095236e-06	1.06999759025287e-06	4.76897479385222e-05	0.0641427922257691	0.0322841443715132	0.388235520992767	0.0805131718200771	0.946645707277925	640.427922257691	0.987975699550961
Serotype_3	Population_E	Gene1_B	0.019604415865615	0.00166667292466383	1436.68464604083	853	166373	3	1e-04	17	1	0.0193816310066586	0.0117612844071152	0.0297374854071011	17.2751278345165	4.30698572864232	74.2519571488199	0.000151818440547293	2.78259432827072e-05	0.000835717634048202	0.0641427922257691	0.0322841443715132	0.388235520992767	0.0113640141325059	0.908909277698913	640.427922257691	0.987975699550961
Serotype_4	Population_E	Gene1_B	0.026191009406466	0.000624277781675576	1436.68464604083	853	166373	3	1e-04	19	0	0.0216324699928204	0.0134354756828905	0.0323966800277881	17.2751278345165	4.30698572864232	74.2519571488199	7.94323820128126e-05	1.50029611034148e-05	0.000459424710304838	0.0641427922257691	0.0322841443715132	0.388235520992767	0.174049779559859	0.872761158022292	640.427922257691	0.987975699550961
Serotype_5	Population_E	Gene1_B	0.0254391110618599	0.000361271220343049	1436.68464604083	853	166373	3	1e-04	19	0	0.0226797670028717	0.0139982794548273	0.0340282783624252	17.2751278345165	4.30698572864232	74.2519571488199	1.2210014867313e-05	1.40676118076566e-06	0.000111604366116664	0.0641427922257691	0.0322841443715132	0.388235520992767	0.108468572360028	0.966202636191948	640.427922257691	0.987975699550961
Serotype_6	Population_E	Gene1_B	0.00466739542316645	0.0551160483973277	1436.68464604083	853	166373	3	1e-04	3	14	0.00398925121518114	0.0023038582420983	0.00643206691875951	17.2751278345165	4.30698572864232	74.2519571488199	0.0053260648349435	0.00142434550814157	0.0237605522680858	0.0641427922257691	0.0322841443715132	0.388235520992767	0.145293926591129	0.903366351728479	640.427922257691	0.987975699550961
Serotype_7	Population_E	Gene1_B	0.028983063576743	1.69363031133799e-05	1436.68464604083	853	166373	3	1e-04	34	0	0.0401322473816782	0.0284176910061478	0.054586725493036	17.2751278345165	4.30698572864232	74.2519571488199	1.01005899741946e-05	1.28255380479858e-06	9.12459825986438e-05	0.0641427922257691	0.0322841443715132	0.388235520992767	0.384679272272709	0.403613060856531	640.427922257691	0.987975699550961
Serotype_8	Population_E	Gene1_B	0.02284848325653	0.00609865355644351	1436.68464604083	853	166373	3	1e-04	25	9	0.0277970399399329	0.0188998843303824	0.0392160768299538	17.2751278345165	4.30698572864232	74.2519571488199	0.000584939359694556	0.000144798856902878	0.00276779992624165	0.0641427922257691	0.0322841443715132	0.388235520992767	0.216581408395615	0.904087130990325	640.427922257691	0.987975699550961
Serotype_9	Population_E	Gene1_B	0.0384753821068443	0.00768771721786772	1436.68464604083	853	166373	3	1e-04	30	24	0.0388869668652802	0.0290093902739642	0.0507378095648605	17.2751278345165	4.30698572864232	74.2519571488199	0.000819696733893224	0.000210342649427584	0.00370938788988802	0.0641427922257691	0.0322841443715132	0.388235520992767	0.0106973533698229	0.893375795354687	640.427922257691	0.987975699550961
Serotype_10	Population_E	Gene1_B	0.036435062775854	0.00915736905140876	1436.68464604083	853	166373	3	1e-04	32	22	0.0354902297573923	0.0258222453303334	0.0472188102450439	17.2751278345165	4.30698572864232	74.2519571488199	0.0010189296236015	0.000266133741010298	0.00468223228387097	0.0641427922257691	0.0322841443715132	0.388235520992767	0.02593197174585	0.888731182735859	640.427922257691	0.987975699550961
Serotype_11	Population_E	Gene1_B	0.0342361497576349	0.00522944348484999	1436.68464604083	853	166373	3	1e-04	28	13	0.0358071647952516	0.0259042506348939	0.0485604651030814	17.2751278345165	4.30698572864232	74.2519571488199	0.00045041644174081	0.000115672641546816	0.00212807734188788	0.0641427922257691	0.0322841443715132	0.388235520992767	0.0458876085289458	0.913869144384925	640.427922257691	0.987975699550961
Serotype_12	Population_E	Gene1_B	0.0203631495824084	0.00171333895893638	1436.68464604083	853	166373	3	1e-04	15	1	0.0167926564043385	0.00970950059009987	0.026790922623888	17.2751278345165	4.30698572864232	74.2519571488199	0.0001915960444349	4.1561226282231e-05	0.000993746558792818	0.0641427922257691	0.0322841443715132	0.388235520992767	0.175340909991372	0.888173882094037	640.427922257691	0.987975699550961
Serotype_13	Population_E	Gene1_B	0.0445969756925479	0.0211797975556686	1436.68464604083	853	166373	3	1e-04	35	74	0.048831672231247	0.0385454544725069	0.0610280448766595	17.2751278345165	4.30698572864232	74.2519571488199	0.00205898702020449	0.000551335488194067	0.00927865017690677	0.0641427922257691	0.0322841443715132	0.388235520992767	0.094954791730569	0.902785330464435	640.427922257691	0.987975699550961
Serotype_14	Population_E	Gene1_B	0.0481850383221172	1.51053280711885e-05	1436.68464604083	853	166373	3	1e-04	42	0	0.0497269393088628	0.0367323388195435	0.065473861224309	17.2751278345165	4.30698572864232	74.2519571488199	3.16878813740749e-06	1.05494226525854e-06	3.58237339384754e-05	0.0641427922257691	0.0322841443715132	0.388235520992767	0.0319995799616877	0.790220502164958	640.427922257691	0.987975699550961
Serotype_15	Population_E	Gene1_B	0.0242634105263278	0.00159293845675666	1436.68464604083	853	166373	3	1e-04	27	1	0.0302400414762274	0.0205167586812141	0.0426545774551096	17.2751278345165	4.30698572864232	74.2519571488199	0.000138473458120253	3.19010471042279e-05	0.000674303033902352	0.0641427922257691	0.0322841443715132	0.388235520992767	0.246322788934164	0.913070428092874	640.427922257691	0.987975699550961
Serotype_16	Population_E	Gene1_B	0.0192858312162571	2.15697089724176e-05	1436.68464604083	853	166373	3	1e-04	19	0	0.0229498526948156	0.0143060065438503	0.0342636472675571	17.2751278345165	4.30698572864232	74.2519571488199	3.34979205344244e-06	1.0649078678035e-06	3.81824109800762e-05	0.0641427922257691	0.0322841443715132	0.388235520992767	0.189985146995892	0.844699246627481	640.427922257691	0.987975699550961
Serotype_17	Population_E	Gene1_B	0.0410889444872737	4.96360232812137e-05	1436.68464604083	853	166373	3	1e-04	30	0	0.0356897716250316	0.0246402854930086	0.0494572002502354	17.2751278345165	4.30698572864232	74.2519571488199	3.49993402632356e-06	1.05211602398701e-06	4.15425951639031e-05	0.0641427922257691	0.0322841443715132	0.388235520992767	0.131402082229548	0.929488025128552	640.427922257691	0.987975699550961
Serotype_18	Population_E	Gene1_B	0.025768801313825	0.0284992836819387	1436.68464604083	853	166373	3	1e-04	22	57	0.03095295629338	0.0230075262395993	0.0406072259145989	17.2751278345165	4.30698572864232	74.2519571488199	0.00257326737494304	0.00068652238069588	0.0116439633922722	0.0641427922257691	0.0322841443715132	0.388235520992767	0.201179516129598	0.909707647263646	640.427922257691	0.987975699550961
Serotype_19	Population_E	Gene1_B	0.0313264196622185	0.00499501697873601	1436.68464604083	853	166373	3	1e-04	24	10	0.0304669622020424	0.020732785798471	0.0430799026549872	17.2751278345165	4.30698572864232	74.2519571488199	0.000411502834259686	9.97470771924518e-05	0.00200569263308286	0.0641427922257691	0.0322841443715132	0.388235520992767	0.0274355470380384	0.917617330229012	640.427922257691	0.987975699550961
Serotype_20	Population_E	Gene1_B	0.0297304935171269	0.0261759830892973	1436.68464604083	853	166373	3	1e-04	30	52	0.0331029194724893	0.0250796293713577	0.0429195479101152	17.2751278345165	4.30698572864232	74.2519571488199	0.00244332087533237	0.000646598625577623	0.010947219292899	0.0641427922257691	0.0322841443715132	0.388235520992767	0.113433231554656	0.906657913592121	640.427922257691	0.987975699550961
